79 198
76 227
86 259
92 283
103 294
311 200
328 188
331 223
322 254
315 280
303 285
94 198
91 153
100 107
124 71
157 50
200 42
309 142
301 101
273 66
237 47
108 195
107 151
120 105
139 85
165 90
200 93
237 82
260 81
282 106
295 147
296 191
111 328
125 355
143 375
158 400
173 409
194 414
223 404
252 391
269 364
283 348
297 323
120 202
147 206
179 210
212 212
245 202
279 201
187 231
182 254
172 285
181 297
197 300
215 297
232 286
179 273
225 269
217 251
213 229
99 223
102 254
102 278
304 219
304 248
303 270
128 230
139 223
150 223
164 224
172 229
138 236
152 237
164 235
225 226
237 220
249 220
260 219
271 225
239 231
251 231
262 228
151 151
197 151
249 145
166 308
144 329
143 354
238 309
257 322
265 346
164 333
187 328
212 326
237 335
179 334
197 334
220 334
183 345
198 347
218 343
172 363
195 368
223 360
3 2
202 3
395 5
4 238
394 231
3 531
193 528
395 527
98 347
95 372
50 390
5 410
297 343
303 368
349 390
394 412
122 375
119 393
138 421
174 460
223 442
264 411
285 386
168 489
155 517
