88 200
91 223
97 245
104 259
111 272
309 202
320 194
318 217
314 238
307 250
301 261
98 198
92 156
100 108
116 76
149 46
193 35
310 147
301 103
284 67
243 42
111 192
108 152
114 112
124 90
150 106
194 112
241 102
266 84
282 109
290 148
293 194
116 301
127 323
151 351
164 367
179 377
201 382
233 371
249 357
266 343
278 319
293 302
125 208
157 215
187 216
212 218
248 207
274 207
190 233
186 257
175 285
188 295
201 296
216 291
228 285
182 272
220 268
219 254
210 231
104 220
107 242
111 256
299 215
299 232
298 246
135 231
147 224
157 222
167 225
175 232
146 239
157 238
168 236
221 231
232 223
244 219
256 219
265 226
234 235
247 238
258 233
149 155
199 160
247 154
175 302
158 318
164 344
229 301
248 312
254 327
170 322
189 314
209 312
239 320
183 321
200 321
222 321
181 335
201 340
225 332
180 351
204 355
227 350
3 5
196 6
396 4
5 234
396 227
5 529
205 529
397 531
103 315
68 343
34 371
8 400
306 321
321 339
358 373
395 398
126 354
105 387
129 425
185 452
239 444
283 395
295 345
183 483
180 509
