82 185
80 214
89 241
88 263
98 271
304 185
314 182
316 209
309 241
305 263
294 271
91 182
87 146
105 103
131 79
165 54
195 46
302 142
282 98
252 70
228 53
104 180
105 144
127 107
147 85
163 96
197 96
223 92
247 86
268 107
285 144
288 180
108 294
118 316
141 343
163 358
179 366
204 367
233 358
258 343
272 322
281 302
287 289
121 178
154 177
184 185
212 180
248 173
273 173
186 201
184 222
178 252
190 259
203 263
217 256
229 249
183 237
221 236
218 222
213 198
96 208
97 238
99 258
296 203
295 230
291 248
127 202
140 196
152 193
162 193
174 199
140 208
152 208
164 207
223 200
235 192
245 191
256 192
266 201
234 205
246 206
256 203
154 142
199 140
250 133
178 274
155 300
158 327
232 266
257 288
266 308
168 302
195 287
215 288
240 299
190 300
204 297
226 297
187 308
205 306
227 304
178 329
201 326
231 328
4 3
196 7
394 5
6 229
393 226
4 529
207 529
395 529
101 315
94 339
57 364
6 389
294 318
311 339
352 362
395 374
117 343
126 379
166 417
221 475
258 423
282 385
283 341
215 498
202 514
