60 21 66 
21 60 11 
60 0 11 
0 60 1 
0 107 12 
107 0 1 
107 1 2 
2 1 61 
43 66 21 
66 43 67 
107 2 3 
32 112 4 
112 32 33 
3 2 62 
62 2 61 
3 4 112 
4 3 62 
63 5 7 
5 63 31 
76 80 75 
80 76 81 
7 5 6 
6 5 17 
82 22 23 
22 82 43 
6 108 7 
108 6 17 
61 66 71 
66 61 60 
106 108 17 
65 8 9 
8 65 64 
7 8 64 
8 7 108 
125 39 126 
39 125 38 
9 8 108 
41 116 40 
116 41 42 
72 67 68 
67 72 71 
9 10 65 
10 9 42 
85 92 95 
92 85 52 
12 21 11 
21 12 22 
11 0 12 
22 12 13 
12 107 104 
84 27 28 
27 84 83 
13 12 104 
14 104 15 
104 14 13 
43 82 44 
13 14 23 
15 104 105 
17 5 31 
14 15 24 
15 105 16 
16 105 20 
15 16 26 
14 24 23 
17 18 106 
18 17 30 
26 16 27 
18 19 106 
19 18 28 
15 25 24 
25 15 26 
106 19 20 
20 19 28 
16 20 27 
106 20 105 
22 43 21 
88 65 89 
65 88 55 
13 23 22 
23 24 25 
83 45 82 
45 83 46 
23 25 82 
30 17 31 
25 26 83 
27 20 28 
84 28 29 
26 27 83 
28 18 29 
18 30 29 
29 30 84 
52 54 53 
54 52 56 
30 31 48 
32 4 86 
69 44 45 
44 69 68 
3 112 114 
33 32 86 
86 4 62 
112 120 113 
120 112 33 
33 34 120 
34 33 87 
54 93 53 
93 54 88 
121 109 115 
109 121 122 
34 35 121 
35 34 87 
92 52 53 
122 35 36 
35 122 121 
36 35 101 
91 86 85 
86 91 87 
37 122 36 
122 37 124 
37 36 102 
98 91 95 
91 98 101 
122 124 123 
37 38 124 
38 37 102 
57 54 56 
54 57 55 
110 109 128 
39 38 103 
119 118 108 
118 119 111 
39 40 126 
40 39 103 
116 42 9 
126 116 117 
116 126 40 
41 40 90 
51 71 72 
71 51 62 
116 9 117 
42 41 89 
10 42 89 
45 59 49 
59 45 46 
25 83 82 
47 83 84 
83 47 46 
43 44 67 
82 45 44 
50 58 56 
58 50 49 
57 56 58 
79 74 75 
74 79 58 
84 30 48 
79 75 80 
46 47 75 
84 48 47 
48 31 78 
47 48 77 
45 49 70 
51 86 62 
86 51 85 
49 50 70 
92 53 93 
61 71 62 
98 102 101 
102 98 99 
85 51 52 
38 102 103 
52 51 56 
99 97 100 
97 99 96 
103 94 90 
94 103 100 
10 89 65 
76 47 77 
47 76 75 
54 55 88 
77 48 78 
50 56 73 
56 51 72 
55 57 80 
79 57 58 
57 79 80 
58 49 59 
74 46 75 
46 74 59 
58 59 74 
61 1 60 
7 64 63 
31 63 78 
64 81 78 
81 64 65 
63 64 78 
65 55 80 
56 72 73 
69 72 68 
72 69 73 
66 67 71 
67 44 68 
45 70 69 
70 50 73 
69 70 73 
65 80 81 
76 77 81 
77 78 81 
101 35 87 
33 86 87 
40 103 90 
88 89 94 
89 41 90 
89 90 94 
91 85 95 
92 96 95 
96 92 93 
87 91 101 
93 88 97 
88 94 97 
95 99 98 
99 95 96 
96 93 97 
99 100 103 
97 94 100 
102 36 101 
99 103 102 
107 3 114 
34 121 120 
9 108 118 
122 123 128 
124 38 125 
111 110 127 
114 112 113 
120 121 113 
107 114 115 
114 113 121 
121 115 114 
125 126 117 
117 9 118 
123 111 127 
111 123 124 
118 111 124 
117 118 125 
109 122 128 
118 124 125 
128 123 127 
127 110 128 
