12 0 107 
0 12 11 
60 0 11 
0 60 1 
107 0 1 
107 3 114 
3 107 2 
1 2 107 
2 1 61 
62 2 61 
2 62 3 
60 11 21 
3 112 114 
112 3 4 
4 3 62 
7 63 5 
63 7 64 
112 4 32 
66 43 67 
43 66 60 
60 21 43 
7 5 6 
6 5 31 
22 12 13 
12 22 21 
6 108 7 
108 6 17 
108 9 8 
9 108 118 
106 108 17 
65 8 9 
8 65 64 
7 8 64 
8 7 108 
42 118 116 
118 42 9 
31 63 48 
63 31 5 
71 67 68 
67 71 66 
9 10 65 
10 9 42 
36 102 37 
102 36 101 
25 83 82 
83 25 26 
12 21 11 
12 104 13 
104 12 107 
25 16 26 
16 25 15 
26 16 27 
45 82 83 
82 45 44 
13 14 23 
14 13 104 
15 104 105 
104 15 14 
30 6 31 
6 30 17 
14 15 24 
15 105 16 
16 105 20 
23 25 82 
25 23 24 
106 17 18 
18 17 29 
20 27 16 
27 20 28 
18 19 106 
19 18 29 
23 82 22 
19 20 106 
20 19 28 
106 20 105 
82 21 22 
21 82 43 
64 81 78 
81 64 65 
22 13 23 
23 14 24 
24 15 25 
45 83 46 
84 26 27 
26 84 83 
30 29 17 
29 30 84 
27 29 84 
29 27 28 
28 19 29 
47 84 48 
84 47 83 
43 82 44 
30 31 48 
32 4 86 
68 44 69 
44 68 67 
33 112 32 
112 33 113 
33 32 86 
51 4 62 
4 51 85 
113 33 120 
33 34 120 
34 33 87 
4 85 86 
122 35 36 
35 122 121 
34 35 121 
35 34 101 
91 98 101 
98 91 95 
36 35 101 
91 101 87 
123 36 37 
36 123 122 
93 53 54 
53 93 92 
124 37 38 
37 124 123 
38 37 102 
92 52 53 
52 92 85 
124 111 110 
111 124 125 
38 39 125 
39 38 103 
54 56 57 
56 54 53 
117 41 116 
41 117 40 
39 40 126 
40 39 103 
54 57 55 
40 117 126 
41 40 90 
10 42 89 
111 125 118 
41 42 116 
42 41 89 
116 118 117 
51 71 72 
71 51 62 
60 66 61 
52 56 53 
56 52 51 
43 44 67 
83 47 46 
58 56 50 
56 58 57 
44 45 69 
45 46 49 
80 65 55 
65 80 81 
30 48 84 
46 47 75 
76 80 79 
80 76 77 
47 48 77 
49 46 59 
45 49 70 
100 94 103 
94 100 97 
49 50 70 
50 49 58 
103 102 99 
102 103 38 
85 51 52 
71 62 61 
85 92 95 
94 88 89 
88 94 97 
10 89 55 
55 89 88 
79 75 76 
75 79 74 
10 55 65 
54 55 88 
80 77 81 
50 56 72 
56 51 72 
55 57 80 
74 79 58 
57 58 79 
58 49 59 
74 46 75 
46 74 59 
58 59 74 
61 1 60 
71 61 66 
48 63 78 
63 64 78 
71 68 72 
69 72 68 
72 69 73 
69 45 70 
69 70 73 
70 50 73 
50 72 73 
76 47 77 
47 76 75 
48 78 77 
77 78 81 
57 79 80 
91 86 85 
86 91 87 
33 86 87 
34 87 101 
90 103 94 
103 90 40 
54 88 93 
89 41 90 
89 90 94 
91 85 95 
92 96 98 
96 92 93 
93 88 97 
95 92 98 
96 93 100 
96 99 98 
99 96 100 
100 93 97 
98 102 101 
102 98 99 
103 99 100 
122 109 114 
109 122 128 
110 109 128 
123 124 127 
114 112 113 
122 114 121 
121 120 34 
120 121 113 
107 114 115 
114 113 121 
114 109 115 
39 126 125 
118 126 117 
126 118 125 
111 118 119 
118 108 119 
122 127 128 
127 122 123 
127 124 110 
124 38 125 
127 110 128 
